# Blender 4.1.0
# www.blender.org
mtllib cubes2.mtl
o Cube.001
v 1.603823 -1.626580 -4.274582
v 1.690799 -3.604780 -3.993227
v 2.130617 -1.332220 -2.367794
v 2.217593 -3.310420 -2.086438
v -0.323590 -1.635394 -3.740729
v -0.236615 -3.613594 -3.459374
v 0.203204 -1.341034 -1.833941
v 0.290179 -3.319234 -1.552586
vn -0.0435 0.9891 -0.1407
vn 0.2634 0.1472 0.9534
vn -0.9637 -0.0044 0.2669
vn 0.0435 -0.9891 0.1407
vn 0.9637 0.0044 -0.2669
vn -0.2634 -0.1472 -0.9534
vt 0.625000 0.500000
vt 0.875000 0.500000
vt 0.875000 0.750000
vt 0.625000 0.750000
vt 0.375000 0.750000
vt 0.625000 1.000000
vt 0.375000 1.000000
vt 0.375000 0.000000
vt 0.625000 0.000000
vt 0.625000 0.250000
vt 0.375000 0.250000
vt 0.125000 0.500000
vt 0.375000 0.500000
vt 0.125000 0.750000
s 0
usemtl lambertian_1
f 1/1/1 5/2/1 7/3/1 3/4/1
f 4/5/2 3/4/2 7/6/2 8/7/2
f 8/8/3 7/9/3 5/10/3 6/11/3
f 6/12/4 2/13/4 4/5/4 8/14/4
f 2/13/5 1/1/5 3/4/5 4/5/5
f 6/11/6 5/10/6 1/1/6 2/13/6
o Cube.002
v -1.149784 -1.626580 -4.206391
v -1.343088 -3.604780 -3.984222
v -2.492849 -1.332220 -2.753970
v -2.686154 -3.310420 -2.531801
v -2.619071 -1.635394 -5.563267
v -2.812376 -3.613594 -5.341099
v -3.962137 -1.341034 -4.110846
v -4.155442 -3.319234 -3.888678
vn 0.0967 0.9891 -0.1111
vn -0.6715 0.1472 0.7262
vn -0.7346 -0.0044 -0.6784
vn -0.0967 -0.9891 0.1111
vn 0.7346 0.0044 0.6784
vn 0.6715 -0.1472 -0.7262
vt 0.625000 0.500000
vt 0.875000 0.500000
vt 0.875000 0.750000
vt 0.625000 0.750000
vt 0.375000 0.750000
vt 0.625000 1.000000
vt 0.375000 1.000000
vt 0.375000 0.000000
vt 0.625000 0.000000
vt 0.625000 0.250000
vt 0.375000 0.250000
vt 0.125000 0.500000
vt 0.375000 0.500000
vt 0.125000 0.750000
s 0
usemtl lambertian_2
f 9/15/7 13/16/7 15/17/7 11/18/7
f 12/19/8 11/18/8 15/20/8 16/21/8
f 16/22/9 15/23/9 13/24/9 14/25/9
f 14/26/10 10/27/10 12/19/10 16/28/10
f 10/27/11 9/15/11 11/18/11 12/19/11
f 14/25/12 13/24/12 9/15/12 10/27/12
